200 482 472924
210 368 470976
220 349 468444
230 262 466220
240 265 464658
250 259 462251
260 252 460176
270 248 458319
280 248 456491
290 248 454648
300 243 452836
310 241 450887
320 243 449472
330 245 447736
340 248 445699
350 256 444239
360 252 442501
370 249 441076
380 250 439724
390 254 438112
400 260 436742
410 263 435133
420 262 433936
430 257 432597
440 267 431542
450 276 430078
460 271 428785
470 272 427891
480 271 426058
490 291 424964
500 276 424042
510 274 422606
520 276 421779
530 279 420327
540 268 419430
550 274 418158
560 282 417381
570 285 416130
580 276 415242
590 285 414017
600 292 413373
610 289 412270
620 292 411430
630 285 410119
640 289 409214
650 296 408512
660 300 407846
670 301 406816
680 297 405800
690 297 405362
700 305 404551
710 310 403487
720 311 402879
730 307 402143
740 306 401262
750 326 400588
760 322 399839
770 322 399197
780 315 398139
790 336 397867
800 339 397114
810 327 396457
820 323 395958
830 323 395100
840 324 394782
850 333 394007
860 342 393499
870 337 392897
880 343 392443
890 336 391677
900 345 391130
910 352 391129
920 350 390235
930 357 389468
940 346 389150
950 356 388504
960 363 388028
970 360 387479
980 354 387132
990 363 386826
1000 368 386123
1010 371 385539
1020 376 384866
